[Variables]
nozzle_expansion_applied_offset = 0.17228750000082915
nozzle_expansion_coefficient = 0.1118750000005384

