[Variables]
nozzle_expansion_applied_offset = 0.2663374999958535
nozzle_expansion_coefficient = 0.09312499999855017

