[Variables]
nozzle_expansion_applied_offset = 0.12306250000059225
nozzle_expansion_coefficient = 0.1118750000005384

