[Variables]
nozzle_expansion_applied_offset = 0.0929687499988277
nozzle_expansion_coefficient = 0.07437499999906216

