[Variables]
nozzle_expansion_applied_offset = 0.19690000000094762
nozzle_expansion_coefficient = 0.1118750000005384

