[Variables]
nozzle_expansion_applied_offset = 0.1749999999998307
nozzle_expansion_coefficient = 0.09999999999990328

