[Variables]
nozzle_expansion_applied_offset = 0.1536562499976078
nozzle_expansion_coefficient = 0.09312499999855017

