[Variables]
nozzle_expansion_applied_offset = 0.15998125000076993
nozzle_expansion_coefficient = 0.1118750000005384

