[Variables]
nozzle_expansion_applied_offset = 0.14210624999979202
nozzle_expansion_coefficient = 0.09937499999985455

