[Variables]
nozzle_expansion_applied_offset = 0.16249999999984283
nozzle_expansion_coefficient = 0.09374999999924771

