[Variables]
nozzle_expansion_applied_offset = 0.13316874999792674
nozzle_expansion_coefficient = 0.09312499999855017

